3
3
4
1 2 3
4 5 1
58
41
57 95 13 29 1 99 34 77 61 23 24 70 73 88 33 61 43 5 41 63 8 67 20 72 98 59 46 58 64 94 97 70 46 81 42 7 1 52 20 54 81 3 73 78 81 11 41 45 18 94 24 82 9 19 59 48 2 72 
83 84 85 76 13 87 2 23 33 82 79 100 88 85 91 78 83 44 4 50 11 68 90 88 73 83 46 16 7 35 76 31 40 49 65 2 18 47 55 38 75 58 86 77 96 94 82 92 10 86 54 49 65 44 77 22 81 52
85
50
51 94 66 55 81 99 79 12 14 32 36 88 65 79 62 37 47 13 93 77 100 26 44 66 73 71 74 27 6 43 16 50 7 65 3 58 7 90 99 60 84 54 68 45 28 5 43 77 47 68 9 83 66 20 84 67 4 70 90 80 11 72 54 63 9 91 43 44 36 89 60 92 70 13 66 43 45 20 32 22 61 94 25 79 27
6 89 12 23 22 72 2 25 47 40 51 93 15 49 85 43 88 75 96 72 72 26 90 46 17 69 74 73 7 25 35 27 7 19 77 53 11 21 20 32 39 45 24 19 54 94 85 9 38 19 40 37 40 53 62 32 47 20 19 51 90 5 89 50 68 63 59 8 64 16 24 51 13 37 76 63 68 32 12 18 12 60 45 39 64